James Wong
New Zealand
5.5 6.0 5.5 5.0 5.5 6.5 5.0 2.8
6.5 7.0 5.5 7.0 5.5 6.5 6.0 2.4
4.5 4.0 4.5 4.0 4.5 4.5 4.0 3.1
Xiao Wong
China
7.5 8.0 8.5 8.0 7.5 8.5 8.0 2.6
6.5 7.0 5.5 7.0 5.5 6.5 6.0 3.0
8.5 8.0 8.0 8.0 9.0 9.0 8.5 2.8
Ken Momata
Japan
6.5 6.5 6.5 6.0 7.0 6.5 6.0 2.6
5.5 4.0 5.5 4.0 5.5 4.5 5.0 2.8
6.0 5.5 5.5 6.0 6.5 6.0 6.0 2.5 
Anton Andrew
United States
7.5 7.0 6.5 8.0 8.0 7.5 7.0 2.4
5.5 6.0 6.5 5.0 5.5 5.5 6.0 3.0
7.0 7.0 7.5 7.5 7.0 6.5 7.5 2.8
Oliver Martin
Germany
8.0 8.5 8.5 8.0 7.5 8.5 8.0 2.4
7.0 7.5 7.0 7.5 7.5 7.5 6.5 2.8
4.5 5.0 5.0 5.5 5.5 5.5 4.5 3.1